 0.0000000e+00  0.0000000e+00  -0.0000000e+00  -3.9375000e-01
 1.9736842e-01 -1.9116773e-01   4.9083530e-02  -4.0782548e-01
 3.9473684e-01 -3.8233546e-01   9.8167061e-02  -4.2242036e-01
 5.9210526e-01 -5.7350319e-01   1.4725059e-01  -4.3753463e-01
 7.8947368e-01 -7.6467092e-01   1.9633412e-01  -4.5316828e-01
 9.8684211e-01 -9.5583865e-01   2.4541765e-01  -4.6932133e-01
 1.1842105e+00 -1.1470064e+00   2.9450118e-01  -4.8599377e-01
 1.3815789e+00 -1.3381741e+00   3.4358471e-01  -5.0318560e-01
 1.5789474e+00 -1.5293418e+00   3.9266824e-01  -5.2089681e-01
 1.7763158e+00 -1.7205096e+00   4.4175177e-01  -5.3912742e-01
 1.9736842e+00 -1.9116773e+00   4.9083530e-01  -5.5787742e-01
 2.1710526e+00 -2.1028450e+00   5.3991883e-01  -5.7714681e-01
 2.3684211e+00 -2.2940128e+00   5.8900236e-01  -5.9693560e-01
 2.5657895e+00 -2.4851805e+00   6.3808589e-01  -6.1724377e-01
 2.7631579e+00 -2.6763482e+00   6.8716943e-01  -6.3807133e-01
 2.9605263e+00 -2.8675159e+00   7.3625296e-01  -6.5941828e-01
 3.1578947e+00 -3.0586837e+00   7.8533649e-01  -6.8128463e-01
 3.3552632e+00 -3.2498514e+00   8.3442002e-01  -7.0367036e-01
 3.5526316e+00 -3.4410191e+00   8.8350355e-01  -7.2657548e-01
 3.7500000e+00 -3.6321869e+00   9.3258708e-01  -7.5000000e-01
 3.9493927e+00 -3.8253153e+00   9.8217403e-01  -7.7392713e-01
 4.1487854e+00 -4.0184437e+00   1.0317610e+00  -7.9785425e-01
 4.3481781e+00 -4.2115721e+00   1.0813479e+00  -8.2178138e-01
 4.5475709e+00 -4.4047005e+00   1.1309349e+00  -8.4570850e-01
 4.7469636e+00 -4.5978290e+00   1.1805218e+00  -8.6963563e-01
 4.9463563e+00 -4.7909574e+00   1.2301088e+00  -8.9356275e-01
 5.1457490e+00 -4.9840858e+00   1.2796957e+00  -9.1748988e-01
 5.3451417e+00 -5.1772142e+00   1.3292827e+00  -9.4141700e-01
 5.5445344e+00 -5.3703427e+00   1.3788696e+00  -9.6534413e-01
 5.7439271e+00 -5.5634711e+00   1.4284566e+00  -9.8927126e-01
 5.9433198e+00 -5.7565995e+00   1.4780435e+00  -1.0131984e+00
 6.1427126e+00 -5.9497279e+00   1.5276305e+00  -1.0371255e+00
 6.3421053e+00 -6.1428564e+00   1.5772174e+00  -1.0610526e+00
 6.5414980e+00 -6.3359848e+00   1.6268044e+00  -1.0849798e+00
 6.7408907e+00 -6.5291132e+00   1.6763913e+00  -1.1089069e+00
 6.9402834e+00 -6.7222416e+00   1.7259783e+00  -1.1328340e+00
 7.1396761e+00 -6.9153701e+00   1.7755652e+00  -1.1567611e+00
 7.3390688e+00 -7.1084985e+00   1.8251522e+00  -1.1806883e+00
 7.5384615e+00 -7.3016269e+00   1.8747391e+00  -1.2046154e+00
 7.7378543e+00 -7.4947553e+00   1.9243261e+00  -1.2285425e+00
 7.9372470e+00 -7.6878838e+00   1.9739131e+00  -1.2524696e+00
 8.1366397e+00 -7.8810122e+00   2.0235000e+00  -1.2763968e+00
 8.3360324e+00 -8.0741406e+00   2.0730870e+00  -1.3003239e+00
 8.5354251e+00 -8.2672690e+00   2.1226739e+00  -1.3242510e+00
 8.7348178e+00 -8.4603974e+00   2.1722609e+00  -1.3481781e+00
 8.9342105e+00 -8.6535259e+00   2.2218478e+00  -1.3721053e+00
 9.1336032e+00 -8.8466543e+00   2.2714348e+00  -1.3960324e+00
 9.3329960e+00 -9.0397827e+00   2.3210217e+00  -1.4199595e+00
 9.5323887e+00 -9.2329111e+00   2.3706087e+00  -1.4438866e+00
 9.7317814e+00 -9.4260396e+00   2.4201956e+00  -1.4678138e+00
 9.9311741e+00 -9.6191680e+00   2.4697826e+00  -1.4917409e+00
 1.0130567e+01 -9.8122964e+00   2.5193695e+00  -1.5156680e+00
 1.0329960e+01 -1.0005425e+01   2.5689565e+00  -1.5395951e+00
 1.0529352e+01 -1.0198553e+01   2.6185434e+00  -1.5635223e+00
 1.0728745e+01 -1.0391682e+01   2.6681304e+00  -1.5874494e+00
 1.0928138e+01 -1.0584810e+01   2.7177173e+00  -1.6113765e+00
 1.1127530e+01 -1.0777939e+01   2.7673043e+00  -1.6353036e+00
 1.1326923e+01 -1.0971067e+01   2.8168912e+00  -1.6592308e+00
 1.1526316e+01 -1.1164195e+01   2.8664782e+00  -1.6831579e+00
 1.1725709e+01 -1.1357324e+01   2.9160651e+00  -1.7070850e+00
 1.1925101e+01 -1.1550452e+01   2.9656521e+00  -1.7310121e+00
 1.2124494e+01 -1.1743581e+01   3.0152390e+00  -1.7549393e+00
 1.2323887e+01 -1.1936709e+01   3.0648260e+00  -1.7788664e+00
 1.2523279e+01 -1.2129838e+01   3.1144129e+00  -1.8027935e+00
 1.2722672e+01 -1.2322966e+01   3.1639999e+00  -1.8267206e+00
 1.2922065e+01 -1.2516094e+01   3.2135868e+00  -1.8506478e+00
 1.3121457e+01 -1.2709223e+01   3.2631738e+00  -1.8745749e+00
 1.3320850e+01 -1.2902351e+01   3.3127607e+00  -1.8985020e+00
 1.3520243e+01 -1.3095480e+01   3.3623477e+00  -1.9224291e+00
 1.3719636e+01 -1.3288608e+01   3.4119346e+00  -1.9463563e+00
 1.3919028e+01 -1.3481736e+01   3.4615216e+00  -1.9702834e+00
 1.4118421e+01 -1.3674865e+01   3.5111085e+00  -1.9942105e+00
 1.4317814e+01 -1.3867993e+01   3.5606955e+00  -2.0181377e+00
 1.4517206e+01 -1.4061122e+01   3.6102824e+00  -2.0420648e+00
 1.4716599e+01 -1.4254250e+01   3.6598694e+00  -2.0659919e+00
 1.4915992e+01 -1.4447379e+01   3.7094563e+00  -2.0899190e+00
 1.5115385e+01 -1.4640507e+01   3.7590433e+00  -2.1138462e+00
 1.5314777e+01 -1.4833635e+01   3.8086302e+00  -2.1377733e+00
 1.5514170e+01 -1.5026764e+01   3.8582172e+00  -2.1617004e+00
 1.5713563e+01 -1.5219892e+01   3.9078041e+00  -2.1856275e+00
 1.5912955e+01 -1.5413021e+01   3.9573911e+00  -2.2095547e+00
 1.6112348e+01 -1.5606149e+01   4.0069781e+00  -2.2334818e+00
 1.6311741e+01 -1.5799278e+01   4.0565650e+00  -2.2574089e+00
 1.6511134e+01 -1.5992406e+01   4.1061520e+00  -2.2813360e+00
 1.6710526e+01 -1.6185534e+01   4.1557389e+00  -2.3052632e+00
 1.6909919e+01 -1.6378663e+01   4.2053259e+00  -2.3291903e+00
 1.7109312e+01 -1.6571791e+01   4.2549128e+00  -2.3531174e+00
 1.7308704e+01 -1.6764920e+01   4.3044998e+00  -2.3770445e+00
 1.7508097e+01 -1.6958048e+01   4.3540867e+00  -2.4009717e+00
 1.7707490e+01 -1.7151177e+01   4.4036737e+00  -2.4248988e+00
 1.7906883e+01 -1.7344305e+01   4.4532606e+00  -2.4488259e+00
 1.8106275e+01 -1.7537433e+01   4.5028476e+00  -2.4727530e+00
 1.8305668e+01 -1.7730562e+01   4.5524345e+00  -2.4966802e+00
 1.8505061e+01 -1.7923690e+01   4.6020215e+00  -2.5206073e+00
 1.8704453e+01 -1.8116819e+01   4.6516084e+00  -2.5445344e+00
 1.8903846e+01 -1.8309947e+01   4.7011954e+00  -2.5684615e+00
 1.9103239e+01 -1.8503075e+01   4.7507823e+00  -2.5923887e+00
 1.9302632e+01 -1.8696204e+01   4.8003693e+00  -2.6163158e+00
 1.9502024e+01 -1.8889332e+01   4.8499562e+00  -2.6402429e+00
 1.9701417e+01 -1.9082461e+01   4.8995432e+00  -2.6641700e+00
 1.9900810e+01 -1.9275589e+01   4.9491301e+00  -2.6880972e+00
 2.0100202e+01 -1.9468718e+01   4.9987171e+00  -2.7120243e+00
 2.0299595e+01 -1.9661846e+01   5.0483040e+00  -2.7359514e+00
 2.0498988e+01 -1.9854974e+01   5.0978910e+00  -2.7598785e+00
 2.0698381e+01 -2.0048103e+01   5.1474779e+00  -2.7838057e+00
 2.0897773e+01 -2.0241231e+01   5.1970649e+00  -2.8077328e+00
 2.1097166e+01 -2.0434360e+01   5.2466518e+00  -2.8316599e+00
 2.1296559e+01 -2.0627488e+01   5.2962388e+00  -2.8555870e+00
 2.1495951e+01 -2.0820617e+01   5.3458257e+00  -2.8795142e+00
 2.1695344e+01 -2.1013745e+01   5.3954127e+00  -2.9034413e+00
 2.1894737e+01 -2.1206873e+01   5.4449996e+00  -2.9273684e+00
 2.2094130e+01 -2.1400002e+01   5.4945866e+00  -2.9512955e+00
 2.2293522e+01 -2.1593130e+01   5.5441735e+00  -2.9752227e+00
 2.2492915e+01 -2.1786259e+01   5.5937605e+00  -2.9991498e+00
 2.2692308e+01 -2.1979387e+01   5.6433474e+00  -3.0230769e+00
 2.2891700e+01 -2.2172516e+01   5.6929344e+00  -3.0470040e+00
 2.3091093e+01 -2.2365644e+01   5.7425213e+00  -3.0709312e+00
 2.3290486e+01 -2.2558772e+01   5.7921083e+00  -3.0948583e+00
 2.3489879e+01 -2.2751901e+01   5.8416952e+00  -3.1187854e+00
 2.3689271e+01 -2.2945029e+01   5.8912822e+00  -3.1427126e+00
 2.3888664e+01 -2.3138158e+01   5.9408691e+00  -3.1666397e+00
 2.4088057e+01 -2.3331286e+01   5.9904561e+00  -3.1905668e+00
 2.4287449e+01 -2.3524415e+01   6.0400430e+00  -3.2144939e+00
 2.4486842e+01 -2.3717543e+01   6.0896300e+00  -3.2384211e+00
 2.4686235e+01 -2.3910671e+01   6.1392170e+00  -3.2623482e+00
 2.4885628e+01 -2.4103800e+01   6.1888039e+00  -3.2862753e+00
 2.5085020e+01 -2.4296928e+01   6.2383909e+00  -3.3102024e+00
 2.5284413e+01 -2.4490057e+01   6.2879778e+00  -3.3341296e+00
 2.5483806e+01 -2.4683185e+01   6.3375648e+00  -3.3580567e+00
 2.5683198e+01 -2.4876313e+01   6.3871517e+00  -3.3819838e+00
 2.5882591e+01 -2.5069442e+01   6.4367387e+00  -3.4059109e+00
 2.6081984e+01 -2.5262570e+01   6.4863256e+00  -3.4298381e+00
 2.6281377e+01 -2.5455699e+01   6.5359126e+00  -3.4537652e+00
 2.6480769e+01 -2.5648827e+01   6.5854995e+00  -3.4776923e+00
 2.6680162e+01 -2.5841956e+01   6.6350865e+00  -3.5016194e+00
 2.6879555e+01 -2.6035084e+01   6.6846734e+00  -3.5255466e+00
 2.7078947e+01 -2.6228212e+01   6.7342604e+00  -3.5494737e+00
 2.7278340e+01 -2.6421341e+01   6.7838473e+00  -3.5734008e+00
 2.7477733e+01 -2.6614469e+01   6.8334343e+00  -3.5973279e+00
 2.7677126e+01 -2.6807598e+01   6.8830212e+00  -3.6212551e+00
 2.7876518e+01 -2.7000726e+01   6.9326082e+00  -3.6451822e+00
 2.8075911e+01 -2.7193855e+01   6.9821951e+00  -3.6691093e+00
 2.8275304e+01 -2.7386983e+01   7.0317821e+00  -3.6930364e+00
 2.8474696e+01 -2.7580111e+01   7.0813690e+00  -3.7169636e+00
 2.8674089e+01 -2.7773240e+01   7.1309560e+00  -3.7408907e+00
 2.8873482e+01 -2.7966368e+01   7.1805429e+00  -3.7648178e+00
 2.9072874e+01 -2.8159497e+01   7.2301299e+00  -3.7887449e+00
 2.9272267e+01 -2.8352625e+01   7.2797168e+00  -3.8126721e+00
 2.9471660e+01 -2.8545754e+01   7.3293038e+00  -3.8365992e+00
 2.9671053e+01 -2.8738882e+01   7.3788907e+00  -3.8605263e+00
 2.9870445e+01 -2.8932010e+01   7.4284777e+00  -3.8844534e+00
 3.0069838e+01 -2.9125139e+01   7.4780646e+00  -3.9083806e+00
 3.0269231e+01 -2.9318267e+01   7.5276516e+00  -3.9323077e+00
 3.0468623e+01 -2.9511396e+01   7.5772385e+00  -3.9562348e+00
 3.0668016e+01 -2.9704524e+01   7.6268255e+00  -3.9801619e+00
 3.0867409e+01 -2.9897652e+01   7.6764124e+00  -4.0040891e+00
 3.1066802e+01 -3.0090781e+01   7.7259994e+00  -4.0280162e+00
 3.1266194e+01 -3.0283909e+01   7.7755863e+00  -4.0519433e+00
 3.1465587e+01 -3.0477038e+01   7.8251733e+00  -4.0758704e+00
 3.1664980e+01 -3.0670166e+01   7.8747602e+00  -4.0997976e+00
 3.1864372e+01 -3.0863295e+01   7.9243472e+00  -4.1237247e+00
 3.2063765e+01 -3.1056423e+01   7.9739341e+00  -4.1476518e+00
 3.2263158e+01 -3.1249551e+01   8.0235211e+00  -4.1715789e+00
 3.2462551e+01 -3.1442680e+01   8.0731080e+00  -4.1955061e+00
 3.2661943e+01 -3.1635808e+01   8.1226950e+00  -4.2194332e+00
 3.2861336e+01 -3.1828937e+01   8.1722819e+00  -4.2433603e+00
 3.3060729e+01 -3.2022065e+01   8.2218689e+00  -4.2672874e+00
 3.3260121e+01 -3.2215194e+01   8.2714559e+00  -4.2912146e+00
 3.3459514e+01 -3.2408322e+01   8.3210428e+00  -4.3151417e+00
 3.3658907e+01 -3.2601450e+01   8.3706298e+00  -4.3390688e+00
 3.3858300e+01 -3.2794579e+01   8.4202167e+00  -4.3629960e+00
 3.4057692e+01 -3.2987707e+01   8.4698037e+00  -4.3869231e+00
 3.4257085e+01 -3.3180836e+01   8.5193906e+00  -4.4108502e+00
 3.4456478e+01 -3.3373964e+01   8.5689776e+00  -4.4347773e+00
 3.4655870e+01 -3.3567093e+01   8.6185645e+00  -4.4587045e+00
 3.4855263e+01 -3.3760221e+01   8.6681515e+00  -4.4826316e+00
 3.5054656e+01 -3.3953349e+01   8.7177384e+00  -4.5065587e+00
 3.5254049e+01 -3.4146478e+01   8.7673254e+00  -4.5304858e+00
 3.5453441e+01 -3.4339606e+01   8.8169123e+00  -4.5544130e+00
 3.5652834e+01 -3.4532735e+01   8.8664993e+00  -4.5783401e+00
 3.5852227e+01 -3.4725863e+01   8.9160862e+00  -4.6022672e+00
 3.6051619e+01 -3.4918992e+01   8.9656732e+00  -4.6261943e+00
 3.6251012e+01 -3.5112120e+01   9.0152601e+00  -4.6501215e+00
 3.6450405e+01 -3.5305248e+01   9.0648471e+00  -4.6740486e+00
 3.6649798e+01 -3.5498377e+01   9.1144340e+00  -4.6979757e+00
 3.6849190e+01 -3.5691505e+01   9.1640210e+00  -4.7219028e+00
 3.7048583e+01 -3.5884634e+01   9.2136079e+00  -4.7458300e+00
 3.7247976e+01 -3.6077762e+01   9.2631949e+00  -4.7697571e+00
 3.7447368e+01 -3.6270890e+01   9.3127818e+00  -4.7936842e+00
 3.7646761e+01 -3.6464019e+01   9.3623688e+00  -4.8176113e+00
 3.7846154e+01 -3.6657147e+01   9.4119557e+00  -4.8415385e+00
 3.8045547e+01 -3.6850276e+01   9.4615427e+00  -4.8654656e+00
 3.8244939e+01 -3.7043404e+01   9.5111296e+00  -4.8893927e+00
 3.8444332e+01 -3.7236533e+01   9.5607166e+00  -4.9133198e+00
 3.8643725e+01 -3.7429661e+01   9.6103035e+00  -4.9372470e+00
 3.8843117e+01 -3.7622789e+01   9.6598905e+00  -4.9611741e+00
 3.9042510e+01 -3.7815918e+01   9.7094774e+00  -4.9851012e+00
 3.9241903e+01 -3.8009046e+01   9.7590644e+00  -5.0090283e+00
 3.9441296e+01 -3.8202175e+01   9.8086513e+00  -5.0329555e+00
 3.9640688e+01 -3.8395303e+01   9.8582383e+00  -5.0568826e+00
 3.9840081e+01 -3.8588432e+01   9.9078252e+00  -5.0808097e+00
 4.0039474e+01 -3.8781560e+01   9.9574122e+00  -5.1047368e+00
 4.0238866e+01 -3.8974688e+01   1.0006999e+01  -5.1286640e+00
 4.0438259e+01 -3.9167817e+01   1.0056586e+01  -5.1525911e+00
 4.0637652e+01 -3.9360945e+01   1.0106173e+01  -5.1765182e+00
 4.0837045e+01 -3.9554074e+01   1.0155760e+01  -5.2004453e+00
 4.1036437e+01 -3.9747202e+01   1.0205347e+01  -5.2243725e+00
 4.1235830e+01 -3.9940331e+01   1.0254934e+01  -5.2482996e+00
 4.1435223e+01 -4.0133459e+01   1.0304521e+01  -5.2722267e+00
 4.1634615e+01 -4.0326587e+01   1.0354108e+01  -5.2961538e+00
 4.1834008e+01 -4.0519716e+01   1.0403695e+01  -5.3200810e+00
 4.2033401e+01 -4.0712844e+01   1.0453282e+01  -5.3440081e+00
 4.2232794e+01 -4.0905973e+01   1.0502869e+01  -5.3679352e+00
 4.2432186e+01 -4.1099101e+01   1.0552456e+01  -5.3918623e+00
 4.2631579e+01 -4.1292230e+01   1.0602043e+01  -5.4157895e+00
 4.2830972e+01 -4.1485358e+01   1.0651630e+01  -5.4397166e+00
 4.3030364e+01 -4.1678486e+01   1.0701216e+01  -5.4636437e+00
 4.3229757e+01 -4.1871615e+01   1.0750803e+01  -5.4875709e+00
 4.3429150e+01 -4.2064743e+01   1.0800390e+01  -5.5114980e+00
 4.3628543e+01 -4.2257872e+01   1.0849977e+01  -5.5354251e+00
 4.3827935e+01 -4.2451000e+01   1.0899564e+01  -5.5593522e+00
 4.4027328e+01 -4.2644128e+01   1.0949151e+01  -5.5832794e+00
 4.4226721e+01 -4.2837257e+01   1.0998738e+01  -5.6072065e+00
 4.4426113e+01 -4.3030385e+01   1.1048325e+01  -5.6311336e+00
 4.4625506e+01 -4.3223514e+01   1.1097912e+01  -5.6550607e+00
 4.4824899e+01 -4.3416642e+01   1.1147499e+01  -5.6789879e+00
 4.5024291e+01 -4.3609771e+01   1.1197086e+01  -5.7029150e+00
 4.5223684e+01 -4.3802899e+01   1.1246673e+01  -5.7268421e+00
 4.5423077e+01 -4.3996027e+01   1.1296260e+01  -5.7507692e+00
 4.5622470e+01 -4.4189156e+01   1.1345847e+01  -5.7746964e+00
 4.5821862e+01 -4.4382284e+01   1.1395434e+01  -5.7986235e+00
 4.6021255e+01 -4.4575413e+01   1.1445021e+01  -5.8225506e+00
 4.6220648e+01 -4.4768541e+01   1.1494608e+01  -5.8464777e+00
 4.6420040e+01 -4.4961670e+01   1.1544195e+01  -5.8704049e+00
 4.6619433e+01 -4.5154798e+01   1.1593782e+01  -5.8943320e+00
 4.6818826e+01 -4.5347926e+01   1.1643369e+01  -5.9182591e+00
 4.7018219e+01 -4.5541055e+01   1.1692955e+01  -5.9421862e+00
 4.7217611e+01 -4.5734183e+01   1.1742542e+01  -5.9661134e+00
 4.7417004e+01 -4.5927312e+01   1.1792129e+01  -5.9900405e+00
 4.7616397e+01 -4.6120440e+01   1.1841716e+01  -6.0139676e+00
 4.7815789e+01 -4.6313569e+01   1.1891303e+01  -6.0378947e+00
 4.8015182e+01 -4.6506697e+01   1.1940890e+01  -6.0618219e+00
 4.8214575e+01 -4.6699825e+01   1.1990477e+01  -6.0857490e+00
 4.8413968e+01 -4.6892954e+01   1.2040064e+01  -6.1096761e+00
 4.8613360e+01 -4.7086082e+01   1.2089651e+01  -6.1336032e+00
 4.8812753e+01 -4.7279211e+01   1.2139238e+01  -6.1575304e+00
 4.9012146e+01 -4.7472339e+01   1.2188825e+01  -6.1814575e+00
 4.9211538e+01 -4.7665467e+01   1.2238412e+01  -6.2053846e+00
 4.9410931e+01 -4.7858596e+01   1.2287999e+01  -6.2293117e+00
 4.9610324e+01 -4.8051724e+01   1.2337586e+01  -6.2532389e+00
 4.9809717e+01 -4.8244853e+01   1.2387173e+01  -6.2771660e+00
 5.0009109e+01 -4.8437981e+01   1.2436760e+01  -6.3010931e+00
 5.0208502e+01 -4.8631110e+01   1.2486347e+01  -6.3250202e+00
 5.0407895e+01 -4.8824238e+01   1.2535934e+01  -6.3489474e+00
 5.0607287e+01 -4.9017366e+01   1.2585521e+01  -6.3728745e+00
 5.0806680e+01 -4.9210495e+01   1.2635108e+01  -6.3968016e+00
 5.1006073e+01 -4.9403623e+01   1.2684695e+01  -6.4207287e+00
 5.1205466e+01 -4.9596752e+01   1.2734281e+01  -6.4446559e+00
 5.1404858e+01 -4.9789880e+01   1.2783868e+01  -6.4685830e+00
 5.1604251e+01 -4.9983009e+01   1.2833455e+01  -6.4925101e+00
 5.1803644e+01 -5.0176137e+01   1.2883042e+01  -6.5164372e+00
 5.2003036e+01 -5.0369265e+01   1.2932629e+01  -6.5403644e+00
 5.2202429e+01 -5.0562394e+01   1.2982216e+01  -6.5642915e+00
 5.2401822e+01 -5.0755522e+01   1.3031803e+01  -6.5882186e+00
 5.2601215e+01 -5.0948651e+01   1.3081390e+01  -6.6121457e+00
 5.2800607e+01 -5.1141779e+01   1.3130977e+01  -6.6360729e+00
 5.3000000e+01 -5.1334908e+01   1.3180564e+01  -6.6600000e+00
 5.3200000e+01 -5.1528624e+01   1.3230302e+01  -6.6839000e+00
 5.3400000e+01 -5.1722341e+01   1.3280040e+01  -6.7076000e+00
 5.3600000e+01 -5.1916057e+01   1.3329778e+01  -6.7311000e+00
 5.3800000e+01 -5.2109774e+01   1.3379516e+01  -6.7544000e+00
 5.4000000e+01 -5.2303491e+01   1.3429254e+01  -6.7775000e+00
 5.4200000e+01 -5.2497207e+01   1.3478992e+01  -6.8004000e+00
 5.4400000e+01 -5.2690924e+01   1.3528730e+01  -6.8231000e+00
 5.4600000e+01 -5.2884641e+01   1.3578468e+01  -6.8456000e+00
 5.4800000e+01 -5.3078357e+01   1.3628206e+01  -6.8679000e+00
 5.5000000e+01 -5.3272074e+01   1.3677944e+01  -6.8900000e+00
 5.5200000e+01 -5.3465790e+01   1.3727682e+01  -6.9119000e+00
 5.5400000e+01 -5.3659507e+01   1.3777420e+01  -6.9336000e+00
 5.5600000e+01 -5.3853224e+01   1.3827158e+01  -6.9551000e+00
 5.5800000e+01 -5.4046940e+01   1.3876896e+01  -6.9764000e+00
 5.6000000e+01 -5.4240657e+01   1.3926634e+01  -6.9975000e+00
 5.6200000e+01 -5.4434374e+01   1.3976372e+01  -7.0184000e+00
 5.6400000e+01 -5.4628090e+01   1.4026110e+01  -7.0391000e+00
 5.6600000e+01 -5.4821807e+01   1.4075848e+01  -7.0596000e+00
 5.6800000e+01 -5.5015524e+01   1.4125586e+01  -7.0799000e+00
 5.7000000e+01 -5.5209240e+01   1.4175324e+01  -7.1000000e+00
 5.7200000e+01 -5.5402957e+01   1.4225062e+01  -7.1199000e+00
 5.7400000e+01 -5.5596673e+01   1.4274800e+01  -7.1396000e+00
 5.7600000e+01 -5.5790390e+01   1.4324538e+01  -7.1591000e+00
 5.7800000e+01 -5.5984107e+01   1.4374275e+01  -7.1784000e+00
 5.8000000e+01 -5.6177823e+01   1.4424013e+01  -7.1975000e+00
 5.8200000e+01 -5.6371540e+01   1.4473751e+01  -7.2164000e+00
 5.8400000e+01 -5.6565257e+01   1.4523489e+01  -7.2351000e+00
 5.8600000e+01 -5.6758973e+01   1.4573227e+01  -7.2536000e+00
 5.8800000e+01 -5.6952690e+01   1.4622965e+01  -7.2719000e+00
 5.9000000e+01 -5.7146407e+01   1.4672703e+01  -7.2900000e+00
 5.9199664e+01 -5.7339798e+01   1.4722358e+01  -7.3079698e+00
 5.9399329e+01 -5.7533190e+01   1.4772012e+01  -7.3259396e+00
 5.9598993e+01 -5.7726581e+01   1.4821667e+01  -7.3439094e+00
 5.9798657e+01 -5.7919973e+01   1.4871321e+01  -7.3618792e+00
 5.9998322e+01 -5.8113364e+01   1.4920976e+01  -7.3798490e+00
 6.0197986e+01 -5.8306756e+01   1.4970630e+01  -7.3978187e+00
 6.0397650e+01 -5.8500147e+01   1.5020285e+01  -7.4157885e+00
 6.0597315e+01 -5.8693539e+01   1.5069939e+01  -7.4337583e+00
 6.0796979e+01 -5.8886930e+01   1.5119594e+01  -7.4517281e+00
 6.0996643e+01 -5.9080322e+01   1.5169248e+01  -7.4696979e+00
 6.1196308e+01 -5.9273713e+01   1.5218903e+01  -7.4876677e+00
 6.1395972e+01 -5.9467105e+01   1.5268557e+01  -7.5056375e+00
 6.1595636e+01 -5.9660496e+01   1.5318212e+01  -7.5236073e+00
 6.1795301e+01 -5.9853888e+01   1.5367866e+01  -7.5415771e+00
 6.1994965e+01 -6.0047279e+01   1.5417521e+01  -7.5595469e+00
 6.2194629e+01 -6.0240671e+01   1.5467175e+01  -7.5775166e+00
 6.2394294e+01 -6.0434062e+01   1.5516830e+01  -7.5954864e+00
 6.2593958e+01 -6.0627454e+01   1.5566484e+01  -7.6134562e+00
 6.2793622e+01 -6.0820845e+01   1.5616139e+01  -7.6314260e+00
 6.2993287e+01 -6.1014237e+01   1.5665793e+01  -7.6493958e+00
 6.3192951e+01 -6.1207628e+01   1.5715448e+01  -7.6673656e+00
 6.3392615e+01 -6.1401020e+01   1.5765102e+01  -7.6853354e+00
 6.3592280e+01 -6.1594411e+01   1.5814757e+01  -7.7033052e+00
 6.3791944e+01 -6.1787803e+01   1.5864411e+01  -7.7212750e+00
 6.3991608e+01 -6.1981194e+01   1.5914066e+01  -7.7392448e+00
 6.4191273e+01 -6.2174586e+01   1.5963720e+01  -7.7572145e+00
 6.4390937e+01 -6.2367977e+01   1.6013375e+01  -7.7751843e+00
 6.4590601e+01 -6.2561369e+01   1.6063029e+01  -7.7931541e+00
 6.4790266e+01 -6.2754760e+01   1.6112684e+01  -7.8111239e+00
 6.4989930e+01 -6.2948152e+01   1.6162338e+01  -7.8290937e+00
 6.5189594e+01 -6.3141543e+01   1.6211993e+01  -7.8470635e+00
 6.5389259e+01 -6.3334935e+01   1.6261647e+01  -7.8650333e+00
 6.5588923e+01 -6.3528326e+01   1.6311302e+01  -7.8830031e+00
 6.5788587e+01 -6.3721718e+01   1.6360956e+01  -7.9009729e+00
 6.5988252e+01 -6.3915109e+01   1.6410611e+01  -7.9189427e+00
 6.6187916e+01 -6.4108501e+01   1.6460265e+01  -7.9369124e+00
 6.6387580e+01 -6.4301893e+01   1.6509920e+01  -7.9548822e+00
 6.6587245e+01 -6.4495284e+01   1.6559574e+01  -7.9728520e+00
 6.6786909e+01 -6.4688676e+01   1.6609229e+01  -7.9908218e+00
 6.6986573e+01 -6.4882067e+01   1.6658883e+01  -8.0087916e+00
 6.7186238e+01 -6.5075459e+01   1.6708538e+01  -8.0267614e+00
 6.7385902e+01 -6.5268850e+01   1.6758192e+01  -8.0447312e+00
 6.7585566e+01 -6.5462242e+01   1.6807847e+01  -8.0627010e+00
 6.7785231e+01 -6.5655633e+01   1.6857501e+01  -8.0806708e+00
 6.7984895e+01 -6.5849025e+01   1.6907156e+01  -8.0986406e+00
 6.8184559e+01 -6.6042416e+01   1.6956810e+01  -8.1166103e+00
 6.8384224e+01 -6.6235808e+01   1.7006465e+01  -8.1345801e+00
 6.8583888e+01 -6.6429199e+01   1.7056119e+01  -8.1525499e+00
 6.8783552e+01 -6.6622591e+01   1.7105774e+01  -8.1705197e+00
 6.8983217e+01 -6.6815982e+01   1.7155428e+01  -8.1884895e+00
 6.9182881e+01 -6.7009374e+01   1.7205083e+01  -8.2064593e+00
 6.9382545e+01 -6.7202765e+01   1.7254737e+01  -8.2244291e+00
 6.9582210e+01 -6.7396157e+01   1.7304392e+01  -8.2423989e+00
 6.9781874e+01 -6.7589548e+01   1.7354046e+01  -8.2603687e+00
 6.9981538e+01 -6.7782940e+01   1.7403701e+01  -8.2783385e+00
 7.0181203e+01 -6.7976331e+01   1.7453355e+01  -8.2963083e+00
 7.0380867e+01 -6.8169723e+01   1.7503010e+01  -8.3142780e+00
 7.0580531e+01 -6.8363114e+01   1.7552664e+01  -8.3322478e+00
 7.0780196e+01 -6.8556506e+01   1.7602319e+01  -8.3502176e+00
 7.0979860e+01 -6.8749897e+01   1.7651973e+01  -8.3681874e+00
 7.1179524e+01 -6.8943289e+01   1.7701628e+01  -8.3861572e+00
 7.1379189e+01 -6.9136680e+01   1.7751282e+01  -8.4041270e+00
 7.1578853e+01 -6.9330072e+01   1.7800937e+01  -8.4220968e+00
 7.1778517e+01 -6.9523463e+01   1.7850591e+01  -8.4400666e+00
 7.1978182e+01 -6.9716855e+01   1.7900246e+01  -8.4580364e+00
 7.2177846e+01 -6.9910246e+01   1.7949900e+01  -8.4760062e+00
 7.2377510e+01 -7.0103638e+01   1.7999555e+01  -8.4939759e+00
 7.2577175e+01 -7.0297029e+01   1.8049209e+01  -8.5119457e+00
 7.2776839e+01 -7.0490421e+01   1.8098864e+01  -8.5299155e+00
 7.2976503e+01 -7.0683812e+01   1.8148518e+01  -8.5478853e+00
 7.3176168e+01 -7.0877204e+01   1.8198173e+01  -8.5658551e+00
 7.3375832e+01 -7.1070595e+01   1.8247827e+01  -8.5838249e+00
 7.3575497e+01 -7.1263987e+01   1.8297482e+01  -8.6017947e+00
 7.3775161e+01 -7.1457378e+01   1.8347136e+01  -8.6197645e+00
 7.3974825e+01 -7.1650770e+01   1.8396791e+01  -8.6377343e+00
 7.4174490e+01 -7.1844162e+01   1.8446445e+01  -8.6557041e+00
 7.4374154e+01 -7.2037553e+01   1.8496100e+01  -8.6736738e+00
 7.4573818e+01 -7.2230945e+01   1.8545754e+01  -8.6916436e+00
 7.4773483e+01 -7.2424336e+01   1.8595409e+01  -8.7096134e+00
 7.4973147e+01 -7.2617728e+01   1.8645063e+01  -8.7275832e+00
 7.5172811e+01 -7.2811119e+01   1.8694718e+01  -8.7455530e+00
 7.5372476e+01 -7.3004511e+01   1.8744372e+01  -8.7635228e+00
 7.5572140e+01 -7.3197902e+01   1.8794027e+01  -8.7814926e+00
 7.5771804e+01 -7.3391294e+01   1.8843681e+01  -8.7994624e+00
 7.5971469e+01 -7.3584685e+01   1.8893336e+01  -8.8174322e+00
 7.6171133e+01 -7.3778077e+01   1.8942990e+01  -8.8354020e+00
 7.6370797e+01 -7.3971468e+01   1.8992645e+01  -8.8533717e+00
 7.6570462e+01 -7.4164860e+01   1.9042299e+01  -8.8713415e+00
 7.6770126e+01 -7.4358251e+01   1.9091954e+01  -8.8893113e+00
 7.6969790e+01 -7.4551643e+01   1.9141608e+01  -8.9072811e+00
 7.7169455e+01 -7.4745034e+01   1.9191263e+01  -8.9252509e+00
 7.7369119e+01 -7.4938426e+01   1.9240917e+01  -8.9432207e+00
 7.7568783e+01 -7.5131817e+01   1.9290572e+01  -8.9611905e+00
 7.7768448e+01 -7.5325209e+01   1.9340226e+01  -8.9791603e+00
 7.7968112e+01 -7.5518600e+01   1.9389881e+01  -8.9971301e+00
 7.8167776e+01 -7.5711992e+01   1.9439535e+01  -9.0150999e+00
 7.8367441e+01 -7.5905383e+01   1.9489190e+01  -9.0330697e+00
 7.8567105e+01 -7.6098775e+01   1.9538844e+01  -9.0510394e+00
 7.8766769e+01 -7.6292166e+01   1.9588499e+01  -9.0690092e+00
 7.8966434e+01 -7.6485558e+01   1.9638153e+01  -9.0869790e+00
 7.9166098e+01 -7.6678949e+01   1.9687808e+01  -9.1049488e+00
 7.9365762e+01 -7.6872341e+01   1.9737462e+01  -9.1229186e+00
 7.9565427e+01 -7.7065732e+01   1.9787117e+01  -9.1408884e+00
 7.9765091e+01 -7.7259124e+01   1.9836771e+01  -9.1588582e+00
 7.9964755e+01 -7.7452515e+01   1.9886426e+01  -9.1768280e+00
 8.0164420e+01 -7.7645907e+01   1.9936080e+01  -9.1947978e+00
 8.0364084e+01 -7.7839298e+01   1.9985735e+01  -9.2127676e+00
 8.0563748e+01 -7.8032690e+01   2.0035389e+01  -9.2307373e+00
 8.0763413e+01 -7.8226081e+01   2.0085044e+01  -9.2487071e+00
 8.0963077e+01 -7.8419473e+01   2.0134698e+01  -9.2666769e+00
 8.1162741e+01 -7.8612864e+01   2.0184353e+01  -9.2846467e+00
 8.1362406e+01 -7.8806256e+01   2.0234007e+01  -9.3026165e+00
 8.1562070e+01 -7.8999648e+01   2.0283662e+01  -9.3205863e+00
 8.1761734e+01 -7.9193039e+01   2.0333316e+01  -9.3385561e+00
 8.1961399e+01 -7.9386431e+01   2.0382971e+01  -9.3565259e+00
 8.2161063e+01 -7.9579822e+01   2.0432625e+01  -9.3744957e+00
 8.2360727e+01 -7.9773214e+01   2.0482280e+01  -9.3924655e+00
 8.2560392e+01 -7.9966605e+01   2.0531934e+01  -9.4104352e+00
 8.2760056e+01 -8.0159997e+01   2.0581589e+01  -9.4284050e+00
 8.2959720e+01 -8.0353388e+01   2.0631243e+01  -9.4463748e+00
 8.3159385e+01 -8.0546780e+01   2.0680898e+01  -9.4643446e+00
 8.3359049e+01 -8.0740171e+01   2.0730552e+01  -9.4823144e+00
 8.3558713e+01 -8.0933563e+01   2.0780207e+01  -9.5002842e+00
 8.3758378e+01 -8.1126954e+01   2.0829861e+01  -9.5182540e+00
 8.3958042e+01 -8.1320346e+01   2.0879516e+01  -9.5362238e+00
 8.4157706e+01 -8.1513737e+01   2.0929170e+01  -9.5541936e+00
 8.4357371e+01 -8.1707129e+01   2.0978825e+01  -9.5721634e+00
 8.4557035e+01 -8.1900520e+01   2.1028479e+01  -9.5901331e+00
 8.4756699e+01 -8.2093912e+01   2.1078134e+01  -9.6081029e+00
 8.4956364e+01 -8.2287303e+01   2.1127788e+01  -9.6260727e+00
 8.5156028e+01 -8.2480695e+01   2.1177443e+01  -9.6440425e+00
 8.5355692e+01 -8.2674086e+01   2.1227097e+01  -9.6620123e+00
 8.5555357e+01 -8.2867478e+01   2.1276752e+01  -9.6799821e+00
 8.5755021e+01 -8.3060869e+01   2.1326406e+01  -9.6979519e+00
 8.5954685e+01 -8.3254261e+01   2.1376061e+01  -9.7159217e+00
 8.6154350e+01 -8.3447652e+01   2.1425715e+01  -9.7338915e+00
 8.6354014e+01 -8.3641044e+01   2.1475370e+01  -9.7518613e+00
 8.6553678e+01 -8.3834435e+01   2.1525024e+01  -9.7698310e+00
 8.6753343e+01 -8.4027827e+01   2.1574679e+01  -9.7878008e+00
 8.6953007e+01 -8.4221218e+01   2.1624333e+01  -9.8057706e+00
 8.7152671e+01 -8.4414610e+01   2.1673988e+01  -9.8237404e+00
 8.7352336e+01 -8.4608001e+01   2.1723642e+01  -9.8417102e+00
 8.7552000e+01 -8.4801393e+01   2.1773297e+01  -9.8596800e+00
 8.7752000e+01 -8.4995111e+01   2.1823028e+01  -9.8776800e+00
 8.7952000e+01 -8.5188840e+01   2.1872719e+01  -9.8956800e+00
 8.8152000e+01 -8.5382589e+01   2.1922329e+01  -9.9136800e+00
 8.8352000e+01 -8.5576370e+01   2.1971818e+01  -9.9316800e+00
 8.8552000e+01 -8.5770192e+01   2.2021146e+01  -9.9496800e+00
 8.8752000e+01 -8.5964065e+01   2.2070272e+01  -9.9676800e+00
 8.8952000e+01 -8.6157998e+01   2.2119155e+01  -9.9856800e+00
 8.9152000e+01 -8.6352003e+01   2.2167755e+01  -1.0003680e+01
 8.9352000e+01 -8.6546089e+01   2.2216032e+01  -1.0021680e+01
 8.9552000e+01 -8.6740265e+01   2.2263945e+01  -1.0039680e+01
 8.9752000e+01 -8.6934541e+01   2.2311453e+01  -1.0057680e+01
 8.9952000e+01 -8.7128924e+01   2.2358516e+01  -1.0075680e+01
 9.0152000e+01 -8.7323425e+01   2.2405093e+01  -1.0093680e+01
 9.0352000e+01 -8.7518052e+01   2.2451143e+01  -1.0111680e+01
 9.0552000e+01 -8.7712811e+01   2.2496625e+01  -1.0129680e+01
 9.0752000e+01 -8.7907712e+01   2.2541499e+01  -1.0147680e+01
 9.0952000e+01 -8.8102762e+01   2.2585722e+01  -1.0165680e+01
 9.1152000e+01 -8.8297966e+01   2.2629254e+01  -1.0183680e+01
 9.1352000e+01 -8.8493333e+01   2.2672054e+01  -1.0201680e+01
 9.1552000e+01 -8.8688867e+01   2.2714080e+01  -1.0219680e+01
 9.1752000e+01 -8.8884575e+01   2.2755292e+01  -1.0237680e+01
 9.1952000e+01 -8.9080462e+01   2.2795646e+01  -1.0255680e+01
 9.2152000e+01 -8.9276531e+01   2.2835102e+01  -1.0273680e+01
 9.2352000e+01 -8.9472787e+01   2.2873619e+01  -1.0291680e+01
 9.2552000e+01 -8.9669233e+01   2.2911153e+01  -1.0309680e+01
 9.2752000e+01 -8.9865872e+01   2.2947664e+01  -1.0327680e+01
 9.2952000e+01 -9.0062706e+01   2.2983110e+01  -1.0345680e+01
 9.3152000e+01 -9.0259736e+01   2.3017447e+01  -1.0363680e+01
 9.3352000e+01 -9.0456962e+01   2.3050635e+01  -1.0381680e+01
 9.3552000e+01 -9.0654386e+01   2.3082630e+01  -1.0399680e+01
 9.3752000e+01 -9.0852006e+01   2.3113391e+01  -1.0417680e+01
 9.3952000e+01 -9.1049821e+01   2.3142875e+01  -1.0435680e+01
 9.4152000e+01 -9.1247827e+01   2.3171039e+01  -1.0453680e+01
 9.4352000e+01 -9.1446023e+01   2.3197842e+01  -1.0471680e+01
 9.4552000e+01 -9.1644403e+01   2.3223240e+01  -1.0489680e+01
 9.4752000e+01 -9.1842963e+01   2.3247191e+01  -1.0507680e+01
 9.4952000e+01 -9.2041698e+01   2.3269652e+01  -1.0525680e+01
 9.5152000e+01 -9.2240599e+01   2.3290580e+01  -1.0543680e+01
 9.5352000e+01 -9.2439660e+01   2.3309934e+01  -1.0561680e+01
 9.5552000e+01 -9.2638872e+01   2.3327669e+01  -1.0579680e+01
 9.5752000e+01 -9.2838224e+01   2.3343743e+01  -1.0597680e+01
 9.5952000e+01 -9.3037706e+01   2.3358114e+01  -1.0615680e+01
 9.6152000e+01 -9.3237307e+01   2.3370739e+01  -1.0633680e+01
 9.6352000e+01 -9.3437012e+01   2.3381576e+01  -1.0651680e+01
 9.6552000e+01 -9.3636809e+01   2.3390581e+01  -1.0669680e+01
 9.6752000e+01 -9.3836681e+01   2.3397713e+01  -1.0687680e+01
 9.6952000e+01 -9.4036612e+01   2.3402930e+01  -1.0705680e+01
 9.7152000e+01 -9.4236585e+01   2.3406188e+01  -1.0723680e+01
 9.7352000e+01 -9.4436580e+01   2.3407447e+01  -1.0741680e+01
 9.7552000e+01 -9.4636577e+01   2.3406663e+01  -1.0759680e+01
 9.7752000e+01 -9.4836556e+01   2.3403797e+01  -1.0777680e+01
 9.7952000e+01 -9.5036493e+01   2.3398806e+01  -1.0795680e+01
 9.8152000e+01 -9.5236364e+01   2.3391650e+01  -1.0813680e+01
 9.8352000e+01 -9.5436143e+01   2.3382287e+01  -1.0831680e+01
 9.8552000e+01 -9.5635805e+01   2.3370677e+01  -1.0849680e+01
 9.8752000e+01 -9.5835320e+01   2.3356780e+01  -1.0867680e+01
 9.8952000e+01 -9.6034660e+01   2.3340556e+01  -1.0885680e+01
 9.9152000e+01 -9.6233793e+01   2.3321967e+01  -1.0903680e+01
 9.9352000e+01 -9.6432687e+01   2.3300973e+01  -1.0921680e+01
 9.9552000e+01 -9.6631308e+01   2.3277535e+01  -1.0939680e+01
 9.9750910e+01 -9.6828541e+01   2.3251772e+01  -1.0957582e+01
 9.9949821e+01 -9.7025439e+01   2.3223559e+01  -1.0975484e+01
 1.0014873e+02 -9.7221971e+01   2.3192900e+01  -1.0993386e+01
 1.0034764e+02 -9.7418107e+01   2.3159800e+01  -1.1011288e+01
 1.0054655e+02 -9.7613816e+01   2.3124264e+01  -1.1029190e+01
 1.0074546e+02 -9.7809068e+01   2.3086299e+01  -1.1047092e+01
 1.0094437e+02 -9.8003833e+01   2.3045909e+01  -1.1064994e+01
 1.0114328e+02 -9.8198081e+01   2.3003100e+01  -1.1082895e+01
 1.0134219e+02 -9.8391782e+01   2.2957881e+01  -1.1100797e+01
 1.0154110e+02 -9.8584906e+01   2.2910257e+01  -1.1118699e+01
 1.0174001e+02 -9.8777423e+01   2.2860235e+01  -1.1136601e+01
 1.0193892e+02 -9.8969303e+01   2.2807824e+01  -1.1154503e+01
 1.0213783e+02 -9.9160516e+01   2.2753032e+01  -1.1172405e+01
 1.0233674e+02 -9.9351034e+01   2.2695867e+01  -1.1190307e+01
 1.0253566e+02 -9.9540826e+01   2.2636338e+01  -1.1208209e+01
 1.0273457e+02 -9.9729864e+01   2.2574455e+01  -1.1226111e+01
 1.0293348e+02 -9.9918117e+01   2.2510226e+01  -1.1244013e+01
 1.0313239e+02 -1.0010556e+02   2.2443661e+01  -1.1261915e+01
 1.0333130e+02 -1.0029216e+02   2.2374772e+01  -1.1279817e+01
 1.0353021e+02 -1.0047788e+02   2.2303568e+01  -1.1297719e+01
 1.0372912e+02 -1.0066271e+02   2.2230061e+01  -1.1315621e+01
 1.0392803e+02 -1.0084661e+02   2.2154262e+01  -1.1333522e+01
 1.0412694e+02 -1.0102956e+02   2.2076182e+01  -1.1351424e+01
 1.0432585e+02 -1.0121152e+02   2.1995834e+01  -1.1369326e+01
 1.0452476e+02 -1.0139246e+02   2.1913231e+01  -1.1387228e+01
 1.0472367e+02 -1.0157237e+02   2.1828384e+01  -1.1405130e+01
 1.0492258e+02 -1.0175120e+02   2.1741308e+01  -1.1423032e+01
 1.0512149e+02 -1.0192894e+02   2.1652015e+01  -1.1440934e+01
 1.0532040e+02 -1.0210556e+02   2.1560519e+01  -1.1458836e+01
 1.0552040e+02 -1.0228199e+02   2.1466320e+01  -1.1476836e+01
 1.0572040e+02 -1.0245724e+02   2.1369953e+01  -1.1494836e+01
 1.0592040e+02 -1.0263130e+02   2.1271460e+01  -1.1512836e+01
 1.0612040e+02 -1.0280417e+02   2.1170886e+01  -1.1530836e+01
 1.0632040e+02 -1.0297584e+02   2.1068274e+01  -1.1548836e+01
 1.0652040e+02 -1.0314630e+02   2.0963665e+01  -1.1566836e+01
 1.0672040e+02 -1.0331555e+02   2.0857103e+01  -1.1584836e+01
 1.0692040e+02 -1.0348358e+02   2.0748630e+01  -1.1602836e+01
 1.0712040e+02 -1.0365038e+02   2.0638288e+01  -1.1620836e+01
 1.0732040e+02 -1.0381596e+02   2.0526117e+01  -1.1638836e+01
 1.0752040e+02 -1.0398032e+02   2.0412159e+01  -1.1656836e+01
 1.0772040e+02 -1.0414345e+02   2.0296455e+01  -1.1674836e+01
 1.0792040e+02 -1.0430536e+02   2.0179044e+01  -1.1692836e+01
 1.0812040e+02 -1.0446605e+02   2.0059966e+01  -1.1710836e+01
 1.0832040e+02 -1.0462551e+02   1.9939260e+01  -1.1728836e+01
 1.0852040e+02 -1.0478377e+02   1.9816967e+01  -1.1746836e+01
 1.0872040e+02 -1.0494081e+02   1.9693122e+01  -1.1764836e+01
 1.0892040e+02 -1.0509665e+02   1.9567766e+01  -1.1782836e+01
 1.0912040e+02 -1.0525129e+02   1.9440935e+01  -1.1800836e+01
 1.0932040e+02 -1.0540474e+02   1.9312666e+01  -1.1818836e+01
 1.0952040e+02 -1.0555700e+02   1.9182995e+01  -1.1836836e+01
 1.0972040e+02 -1.0570810e+02   1.9051960e+01  -1.1854836e+01
 1.0992040e+02 -1.0585803e+02   1.8919595e+01  -1.1872836e+01
 1.1012040e+02 -1.0600681e+02   1.8785936e+01  -1.1890836e+01
 1.1032040e+02 -1.0615444e+02   1.8651016e+01  -1.1908836e+01
 1.1052040e+02 -1.0630095e+02   1.8514872e+01  -1.1926836e+01
 1.1072040e+02 -1.0644634e+02   1.8377535e+01  -1.1944836e+01
 1.1092040e+02 -1.0659063e+02   1.8239039e+01  -1.1962836e+01
 1.1112040e+02 -1.0673383e+02   1.8099418e+01  -1.1980836e+01
 1.1132040e+02 -1.0687595e+02   1.7958703e+01  -1.1998836e+01
 1.1152040e+02 -1.0701701e+02   1.7816926e+01  -1.2016836e+01
 1.1172040e+02 -1.0715703e+02   1.7674118e+01  -1.2034836e+01
 1.1192040e+02 -1.0729603e+02   1.7530310e+01  -1.2052836e+01
 1.1212040e+02 -1.0743401e+02   1.7385533e+01  -1.2070836e+01
 1.1232040e+02 -1.0757100e+02   1.7239816e+01  -1.2088836e+01
 1.1252040e+02 -1.0770702e+02   1.7093190e+01  -1.2106836e+01
 1.1272040e+02 -1.0784208e+02   1.6945682e+01  -1.2124836e+01
 1.1292040e+02 -1.0797620e+02   1.6797322e+01  -1.2142836e+01
 1.1312040e+02 -1.0810941e+02   1.6648137e+01  -1.2160836e+01
 1.1332040e+02 -1.0824172e+02   1.6498156e+01  -1.2178836e+01
 1.1352040e+02 -1.0837315e+02   1.6347406e+01  -1.2196836e+01
 1.1372040e+02 -1.0850372e+02   1.6195914e+01  -1.2214836e+01
 1.1392040e+02 -1.0863346e+02   1.6043705e+01  -1.2232836e+01
 1.1412040e+02 -1.0876239e+02   1.5890807e+01  -1.2250836e+01
 1.1432040e+02 -1.0889053e+02   1.5737245e+01  -1.2268836e+01
 1.1452040e+02 -1.0901789e+02   1.5583043e+01  -1.2286836e+01
 1.1472040e+02 -1.0914451e+02   1.5428229e+01  -1.2304836e+01
 1.1492040e+02 -1.0927040e+02   1.5272824e+01  -1.2322836e+01
 1.1512040e+02 -1.0939560e+02   1.5116855e+01  -1.2340836e+01
 1.1532040e+02 -1.0952012e+02   1.4960345e+01  -1.2358836e+01
 1.1552040e+02 -1.0964398e+02   1.4803318e+01  -1.2376836e+01
 1.1572040e+02 -1.0976721e+02   1.4645796e+01  -1.2394836e+01
 1.1592040e+02 -1.0988984e+02   1.4487803e+01  -1.2412836e+01
 1.1612040e+02 -1.1001189e+02   1.4329361e+01  -1.2430836e+01
 1.1632040e+02 -1.1013339e+02   1.4170493e+01  -1.2448836e+01
 1.1652040e+02 -1.1025435e+02   1.4011221e+01  -1.2466836e+01
 1.1672040e+02 -1.1037481e+02   1.3851567e+01  -1.2484836e+01
 1.1692040e+02 -1.1049479e+02   1.3691552e+01  -1.2502836e+01
 1.1712040e+02 -1.1061432e+02   1.3531198e+01  -1.2520836e+01
 1.1732040e+02 -1.1073342e+02   1.3370526e+01  -1.2538836e+01
 1.1752040e+02 -1.1085211e+02   1.3209556e+01  -1.2556836e+01
 1.1772040e+02 -1.1097043e+02   1.3048310e+01  -1.2574836e+01
 1.1792040e+02 -1.1108840e+02   1.2886808e+01  -1.2592836e+01
 1.1812040e+02 -1.1120605e+02   1.2725070e+01  -1.2610836e+01
 1.1832040e+02 -1.1132340e+02   1.2563117e+01  -1.2628836e+01
 1.1852040e+02 -1.1144048e+02   1.2400968e+01  -1.2646836e+01
 1.1872040e+02 -1.1155732e+02   1.2238644e+01  -1.2664836e+01
 1.1892040e+02 -1.1167394e+02   1.2076165e+01  -1.2682836e+01
 1.1912040e+02 -1.1179037e+02   1.1913549e+01  -1.2700836e+01
 1.1932040e+02 -1.1190664e+02   1.1750817e+01  -1.2718836e+01
 1.1952040e+02 -1.1202277e+02   1.1587988e+01  -1.2736836e+01
 1.1972040e+02 -1.1213880e+02   1.1425082e+01  -1.2754836e+01
 1.1992040e+02 -1.1225474e+02   1.1262118e+01  -1.2772836e+01
 1.2012040e+02 -1.1237063e+02   1.1099115e+01  -1.2790836e+01
 1.2032040e+02 -1.1248649e+02   1.0936093e+01  -1.2808836e+01
 1.2051866e+02 -1.1260133e+02   1.0774490e+01  -1.2826679e+01
 1.2071691e+02 -1.1271618e+02   1.0612887e+01  -1.2844522e+01
 1.2091517e+02 -1.1283103e+02   1.0451284e+01  -1.2862365e+01
 1.2111342e+02 -1.1294587e+02   1.0289681e+01  -1.2880208e+01
 1.2131168e+02 -1.1306072e+02   1.0128078e+01  -1.2898051e+01
 1.2150993e+02 -1.1317556e+02   9.9664755e+00  -1.2915894e+01
 1.2170819e+02 -1.1329041e+02   9.8048725e+00  -1.2933737e+01
 1.2190644e+02 -1.1340525e+02   9.6432695e+00  -1.2951580e+01
 1.2210470e+02 -1.1352010e+02   9.4816666e+00  -1.2969423e+01
 1.2230295e+02 -1.1363495e+02   9.3200636e+00  -1.2987266e+01
 1.2250121e+02 -1.1374979e+02   9.1584606e+00  -1.3005109e+01
 1.2269946e+02 -1.1386464e+02   8.9968576e+00  -1.3022951e+01
 1.2289772e+02 -1.1397948e+02   8.8352547e+00  -1.3040794e+01
 1.2309597e+02 -1.1409433e+02   8.6736517e+00  -1.3058637e+01
 1.2329423e+02 -1.1420918e+02   8.5120487e+00  -1.3076480e+01
 1.2349248e+02 -1.1432402e+02   8.3504458e+00  -1.3094323e+01
 1.2369074e+02 -1.1443887e+02   8.1888428e+00  -1.3112166e+01
 1.2388899e+02 -1.1455371e+02   8.0272398e+00  -1.3130009e+01
 1.2408725e+02 -1.1466856e+02   7.8656369e+00  -1.3147852e+01
 1.2428550e+02 -1.1478340e+02   7.7040339e+00  -1.3165695e+01
 1.2448376e+02 -1.1489825e+02   7.5424309e+00  -1.3183538e+01
 1.2468201e+02 -1.1501310e+02   7.3808280e+00  -1.3201381e+01
 1.2488027e+02 -1.1512794e+02   7.2192250e+00  -1.3219224e+01
 1.2507852e+02 -1.1524279e+02   7.0576220e+00  -1.3237067e+01
 1.2527678e+02 -1.1535763e+02   6.8960190e+00  -1.3254910e+01
 1.2547503e+02 -1.1547248e+02   6.7344161e+00  -1.3272753e+01
 1.2567329e+02 -1.1558732e+02   6.5728131e+00  -1.3290596e+01
 1.2587154e+02 -1.1570217e+02   6.4112101e+00  -1.3308439e+01
 1.2606980e+02 -1.1581702e+02   6.2496072e+00  -1.3326282e+01
 1.2626805e+02 -1.1593186e+02   6.0880042e+00  -1.3344125e+01
 1.2646631e+02 -1.1604671e+02   5.9264012e+00  -1.3361968e+01
 1.2666456e+02 -1.1616155e+02   5.7647983e+00  -1.3379811e+01
 1.2686282e+02 -1.1627640e+02   5.6031953e+00  -1.3397654e+01
 1.2706107e+02 -1.1639125e+02   5.4415923e+00  -1.3415497e+01
 1.2725933e+02 -1.1650609e+02   5.2799893e+00  -1.3433339e+01
 1.2745758e+02 -1.1662094e+02   5.1183864e+00  -1.3451182e+01
 1.2765584e+02 -1.1673578e+02   4.9567834e+00  -1.3469025e+01
 1.2785409e+02 -1.1685063e+02   4.7951804e+00  -1.3486868e+01
 1.2805235e+02 -1.1696547e+02   4.6335775e+00  -1.3504711e+01
 1.2825060e+02 -1.1708032e+02   4.4719745e+00  -1.3522554e+01
 1.2844886e+02 -1.1719517e+02   4.3103715e+00  -1.3540397e+01
 1.2864711e+02 -1.1731001e+02   4.1487686e+00  -1.3558240e+01
 1.2884537e+02 -1.1742486e+02   3.9871656e+00  -1.3576083e+01
 1.2904362e+02 -1.1753970e+02   3.8255626e+00  -1.3593926e+01
 1.2924188e+02 -1.1765455e+02   3.6639597e+00  -1.3611769e+01
 1.2944013e+02 -1.1776939e+02   3.5023567e+00  -1.3629612e+01
 1.2963839e+02 -1.1788424e+02   3.3407537e+00  -1.3647455e+01
 1.2983664e+02 -1.1799909e+02   3.1791507e+00  -1.3665298e+01
 1.3003490e+02 -1.1811393e+02   3.0175478e+00  -1.3683141e+01
 1.3023315e+02 -1.1822878e+02   2.8559448e+00  -1.3700984e+01
 1.3043141e+02 -1.1834362e+02   2.6943418e+00  -1.3718827e+01
 1.3062966e+02 -1.1845847e+02   2.5327389e+00  -1.3736670e+01
 1.3082792e+02 -1.1857331e+02   2.3711359e+00  -1.3754513e+01
 1.3102617e+02 -1.1868816e+02   2.2095329e+00  -1.3772356e+01
 1.3122443e+02 -1.1880301e+02   2.0479300e+00  -1.3790199e+01
 1.3142268e+02 -1.1891785e+02   1.8863270e+00  -1.3808042e+01
 1.3162094e+02 -1.1903270e+02   1.7247240e+00  -1.3825885e+01
 1.3181919e+02 -1.1914754e+02   1.5631211e+00  -1.3843727e+01
 1.3201745e+02 -1.1926239e+02   1.4015181e+00  -1.3861570e+01

