-9.500000 8552.950000 -4927.409800 2236.600000
-9.000000 8553.450000 -4927.409800 2236.600000
-8.500000 8553.950000 -4927.409800 2236.600000
-8.000000 8554.450000 -4927.409800 2236.600000
-7.500000 8554.950000 -4927.409800 2236.600000
-7.000000 8555.450000 -4927.409800 2236.600000
-6.500000 8555.950000 -4927.409800 2236.600000
-6.000000 8556.450000 -4927.409800 2236.548100
-5.500000 8556.950000 -4927.409800 2236.408000
-5.000000 8557.450000 -4927.409800 2236.258000
-4.500000 8557.950000 -4927.409800 2236.108000
-4.000000 8558.450000 -4927.409800 2235.958000
-3.500000 8558.950000 -4927.409800 2235.808100
-3.000000 8559.450000 -4927.409800 2235.658100
-2.500000 8559.950000 -4927.409800 2235.508100
-2.000000 8560.450000 -4927.409800 2235.358100
-1.500000 8560.950000 -4927.409800 2235.208100
-1.000000 8561.450000 -4927.409800 2235.058100
-0.500000 8561.950000 -4927.409800 2234.908100
0.000000 8562.450000 -4927.409800 2234.758100
0.500000 8562.950000 -4927.409800 2234.608100
1.000000 8563.450000 -4927.409800 2234.458100
1.500000 8563.950000 -4927.409800 2234.308200
2.000000 8564.450000 -4927.409800 2234.158200
2.500000 8564.950000 -4927.409800 2234.008200
3.000000 8565.450000 -4927.409800 2233.858200
3.500000 8565.950000 -4927.409800 2233.708200
4.000000 8566.450000 -4927.409800 2233.558200
4.500000 8566.950000 -4927.409800 2233.408200
5.000000 8567.450000 -4927.410100 2233.258200
5.500000 8567.950000 -4927.411600 2233.108200
6.000000 8568.450000 -4927.415400 2232.958300
6.500000 8568.949900 -4927.422300 2232.808300
7.000000 8569.449800 -4927.433300 2232.658300
7.500000 8569.949500 -4927.449500 2232.508300
8.000000 8570.449000 -4927.471700 2232.358300
8.500000 8570.948200 -4927.501100 2232.208300
9.000000 8571.446800 -4927.538400 2232.058300
9.500000 8571.944600 -4927.584800 2231.908300
10.000000 8572.441400 -4927.641100 2231.758300
10.500000 8572.936900 -4927.708300 2231.608300
11.000000 8573.430600 -4927.787400 2231.458400
11.500000 8573.922100 -4927.879200 2231.308400
12.000000 8574.410800 -4927.984600 2231.158400
12.500000 8574.896200 -4928.104600 2231.008400
13.000000 8575.377600 -4928.239500 2230.859200
13.500000 8575.854600 -4928.389400 2230.712800
14.000000 8576.326900 -4928.553500 2230.569200
14.500000 8576.794100 -4928.731400 2230.428400
15.000000 8577.256200 -4928.922400 2230.290400
15.500000 8577.712900 -4929.125900 2230.155200
16.000000 8578.164100 -4929.341300 2230.022700
16.500000 8578.609700 -4929.568100 2229.893100
17.000000 8579.049700 -4929.805600 2229.766100
17.500000 8579.484000 -4930.053300 2229.642000
18.000000 8579.912700 -4930.310600 2229.520500
18.500000 8580.335700 -4930.577100 2229.401800
19.000000 8580.753300 -4930.852100 2229.285700
19.500000 8581.165400 -4931.135200 2229.172400
20.000000 8581.572300 -4931.425800 2229.061800
20.500000 8581.974000 -4931.723500 2228.953800
21.000000 8582.370700 -4932.027800 2228.848500
21.500000 8582.762700 -4932.338200 2228.745900
22.000000 8583.150100 -4932.654300 2228.646000
22.500000 8583.533200 -4932.975600 2228.548700
23.000000 8583.912300 -4933.301700 2228.454000
23.500000 8584.287500 -4933.632200 2228.361900
24.000000 8584.659200 -4933.966600 2228.271800
24.500000 8585.027600 -4934.304600 2228.181800
25.000000 8585.393100 -4934.645800 2228.091800
25.500000 8585.756000 -4934.989800 2228.001800
26.000000 8586.116500 -4935.336200 2227.911800
26.500000 8586.475000 -4935.684700 2227.821800
27.000000 8586.831900 -4936.034900 2227.731800
27.500000 8587.187400 -4936.386500 2227.641800
28.000000 8587.542000 -4936.739000 2227.551800
28.500000 8587.895900 -4937.092200 2227.461800
29.000000 8588.249500 -4937.445700 2227.371800
29.500000 8588.603000 -4937.799300 2227.282400
30.000000 8588.956600 -4938.152900 2227.193800
30.500000 8589.310100 -4938.506400 2227.105900
31.000000 8589.663700 -4938.860000 2227.018800
31.500000 8590.017300 -4939.213500 2226.932400
32.000000 8590.371000 -4939.566900 2226.846700
32.500000 8590.725600 -4939.919300 2226.761800
33.000000 8591.082000 -4940.270000 2226.677600
33.500000 8591.440900 -4940.618200 2226.594200
34.000000 8591.803100 -4940.962900 2226.511600
34.500000 8592.169300 -4941.303200 2226.429600
35.000000 8592.540400 -4941.638400 2226.348500
35.500000 8592.916900 -4941.967400 2226.268000
36.000000 8593.299500 -4942.289300 2226.188300
36.500000 8593.688800 -4942.603000 2226.109400
37.000000 8594.085300 -4942.907600 2226.031200
37.500000 8594.489600 -4943.201800 2225.953700
38.000000 8594.901900 -4943.484600 2225.876900
38.500000 8595.322600 -4943.754700 2225.800900
39.000000 8595.752000 -4944.010900 2225.725700
39.500000 8596.190000 -4944.252000 2225.650700
40.000000 8596.636700 -4944.476500 2225.575700
40.500000 8597.091900 -4944.683200 2225.500700
41.000000 8597.555300 -4944.870900 2225.425700
41.500000 8598.026100 -4945.039200 2225.350600
42.000000 8598.503300 -4945.188400 2225.275600
42.500000 8598.985900 -4945.318900 2225.200600
43.000000 8599.473100 -4945.431300 2225.125600
43.500000 8599.964100 -4945.525900 2225.050600
44.000000 8600.458000 -4945.603400 2224.975600
44.500000 8600.954200 -4945.664500 2224.900600
45.000000 8601.452200 -4945.709600 2224.825600
45.500000 8601.951300 -4945.739500 2224.750600
46.000000 8602.451000 -4945.754800 2224.675600
46.500000 8602.951000 -4945.756200 2224.600600
47.000000 8603.450800 -4945.744400 2224.525600
47.500000 8603.950200 -4945.720100 2224.450600
48.000000 8604.448900 -4945.684000 2224.375600
48.500000 8604.946700 -4945.636800 2224.300600
49.000000 8605.443300 -4945.579200 2224.225500
49.500000 8605.938800 -4945.512000 2224.150500
50.000000 8606.432900 -4945.435900 2224.075500
50.500000 8606.925800 -4945.351500 2224.000500
51.000000 8607.417200 -4945.259500 2223.925500
51.500000 8607.907400 -4945.160800 2223.850500
52.000000 8608.396300 -4945.055900 2223.775500
52.500000 8608.883900 -4944.945600 2223.700500
53.000000 8609.370500 -4944.830500 2223.625500
53.500000 8609.856100 -4944.711300 2223.550500
54.000000 8610.340900 -4944.588800 2223.475500
54.500000 8610.824900 -4944.463600 2223.400500
55.000000 8611.308500 -4944.336300 2223.325500
55.500000 8611.791600 -4944.207700 2223.250500
56.000000 8612.274600 -4944.078400 2223.175500
56.500000 8612.757600 -4943.949000 2223.100400
57.000000 8613.240600 -4943.819600 2223.025400
57.500000 8613.723500 -4943.690200 2222.950400
58.000000 8614.206500 -4943.560800 2222.875400
58.500000 8614.689400 -4943.431400 2222.800400
59.000000 8615.172400 -4943.302000 2222.725400
59.500000 8615.655400 -4943.172600 2222.650400
60.000000 8616.138300 -4943.043200 2222.575400
60.500000 8616.621300 -4942.913800 2222.500400
61.000000 8617.104400 -4942.784700 2222.425400
61.500000 8617.587600 -4942.656300 2222.350400
62.000000 8618.071000 -4942.528700 2222.275400
62.500000 8618.554800 -4942.402300 2222.200400
63.000000 8619.038900 -4942.277300 2222.125400
63.500000 8619.523500 -4942.154200 2222.050400
64.000000 8620.008700 -4942.033200 2221.975300
64.500000 8620.494400 -4941.914600 2221.900300
65.000000 8620.980700 -4941.798600 2221.825300
65.500000 8621.467800 -4941.685700 2221.750300
66.000000 8621.955600 -4941.576000 2221.675300
66.500000 8622.444300 -4941.470000 2221.600300
67.000000 8622.933700 -4941.367900 2221.525300
67.500000 8623.424100 -4941.270000 2221.450300
68.000000 8623.915300 -4941.176600 2221.375300
68.500000 8624.407400 -4941.088100 2221.300300
69.000000 8624.900400 -4941.004800 2221.225300
69.500000 8625.394300 -4940.926900 2221.150300
70.000000 8625.889000 -4940.854300 2221.075300
70.500000 8626.384400 -4940.786900 2221.000300
71.000000 8626.880500 -4940.724500 2220.925200
71.500000 8627.377200 -4940.666900 2220.850200
72.000000 8627.874300 -4940.613800 2220.775200
72.500000 8628.372000 -4940.565100 2220.700200
73.000000 8628.870000 -4940.520700 2220.625200
73.500000 8629.368300 -4940.480200 2220.550200
74.000000 8629.867000 -4940.443600 2220.475200
74.500000 8630.365900 -4940.410600 2220.400200
75.000000 8630.865000 -4940.381000 2220.325200
75.500000 8631.364300 -4940.354700 2220.250200
76.000000 8631.863800 -4940.331300 2220.175200
76.500000 8632.363400 -4940.310800 2220.100200
77.000000 8632.863000 -4940.293000 2220.025200
77.500000 8633.362800 -4940.277500 2219.950200
78.000000 8633.862600 -4940.264300 2219.875200
78.500000 8634.362500 -4940.253200 2219.800100
79.000000 8634.862400 -4940.243800 2219.725100
79.500000 8635.362400 -4940.236200 2219.650100
80.000000 8635.862300 -4940.229900 2219.575100
80.500000 8636.362300 -4940.225000 2219.500100
81.000000 8636.862300 -4940.221000 2219.425100
81.500000 8637.362300 -4940.217900 2219.350100
82.000000 8637.862300 -4940.215500 2219.275100
82.500000 8638.362300 -4940.213500 2219.200100
83.000000 8638.862200 -4940.211800 2219.125100
83.500000 8639.362200 -4940.210100 2219.050100
84.000000 8639.862200 -4940.208500 2218.975100
84.500000 8640.362200 -4940.206800 2218.900100
85.000000 8640.862200 -4940.205200 2218.825100
85.500000 8641.362200 -4940.203500 2218.750100
86.000000 8641.862200 -4940.201800 2218.675000
